36
111
146
208
299
326
335
371
36
111
146
208
299
326
335
371
16
42
60
139
159
182
257
349
16
42
60
139
159
182
257
349
28
125
161
173
266
285
332
416
28
125
161
173
266
285
332
416
50
86
96
159
179
240
295
342
50
86
96
159
179
240
295
342
65
134
171
216
241
288
332
362
65
134
171
216
241
288
332
362
78
146
230
261
310
330
398
490
78
146
230
261
310
330
398
490
66
115
165
213
284
356
428
454
66
115
165
213
284
356
428
454
10
71
130
179
188
205
276
291
10
71
130
179
188
205
276
291
97
173
246
311
374
468
549
578
97
173
246
311
374
468
549
578
39
47
132
141
204
289
350
365
39
47
132
141
204
289
350
365
98
146
156
186
230
274
350
381
98
146
156
186
230
274
350
381
75
171
192
270
327
368
453
550
75
171
192
270
327
368
453
550
53
141
172
261
325
358
396
456
53
141
172
261
325
358
396
456
48
136
233
309
352
355
364
389
48
136
233
309
352
355
364
389
40
99
145
237
261
338
392
473
40
99
145
237
261
338
392
473
28
121
189
191
201
252
262
347
28
121
189
191
201
252
262
347
56
102
127
213
241
288
312
318
56
102
127
213
241
288
312
318
29
119
200
231
241
275
278
369
29
119
200
231
241
275
278
369
96
189
227
232
298
338
342
404
96
189
227
232
298
338
342
404
67
123
221
293
375
474
534
561
67
123
221
293
375
474
534
561
61
93
108
207
221
312
319
377
61
93
108
207
221
312
319
377
70
118
122
151
212
216
238
258
70
118
122
151
212
216
238
258
55
84
86
169
249
289
380
476
55
84
86
169
249
289
380
476
25
69
168
204
209
211
305
340
25
69
168
204
209
211
305
340
17
60
74
143
185
211
252
280
17
60
74
143
185
211
252
280
89
117
205
273
311
344
382
386
89
117
205
273
311
344
382
386
76
165
171
258
348
381
418
450
76
165
171
258
348
381
418
451
76
165
171
258
348
381
418
450
65
91
149
228
288
329
333
420
65
91
149
228
288
329
333
420
98
160
207
300
392
475
476
554
98
160
207
300
392
475
476
555
98
160
207
300
392
475
476
557
98
160
207
300
392
475
476
560
98
160
207
300
392
475
476
554
91
145
237
294
343
437
496
531
91
145
237
294
343
437
496
531
70
151
250
328
353
387
477
497
70
151
250
328
353
387
477
498
70
151
250
328
353
387
477
497
19
81
93
100
131
150
155
222
19
81
93
100
131
150
155
223
19
81
93
100
131
150
155
222
74
80
127
175
233
259
265
329
74
80
127
175
233
259
265
329
62
151
211
281
291
304
381
407
62
151
211
281
291
304
381
407
45
65
94
103
197
248
251
329
45
65
94
103
197
248
251
330
45
65
94
103
197
248
251
329
86
90
157
217
314
373
451
504
86
90
157
217
314
373
451
504
38
75
168
246
320
339
348
436
38
75
168
246
320
339
348
436
58
101
172
210
219
298
391
415
58
101
172
210
219
298
391
415
37
49
69
90
165
182
223
294
37
49
69
90
165
182
223
294
11
81
121
206
222
284
303
367
11
81
121
206
222
284
303
367
80
161
163
192
267
331
394
473
80
161
163
192
267
331
394
474
80
161
163
192
267
331
394
476
80
161
163
192
267
331
394
479
80
161
163
192
267
331
394
473
74
165
235
295
380
419
460
514
74
165
235
295
380
419
460
514
15
69
167
205
257
279
349
383
15
69
167
205
257
279
349
384
15
69
167
205
257
279
349
383
63
126
160
203
300
325
414
416
63
126
160
203
300
325
414
417
63
126
160
203
300
325
414
416
47
112
183
216
254
305
313
389
47
112
183
216
254
305
313
390
47
112
183
216
254
305
313
389
35
43
47
58
93
186
227
277
35
43
47
58
93
186
227
277
83
139
198
288
364
401
462
512
83
139
198
288
364
401
462
512
65
73
85
111
202
206
233
273
65
73
85
111
202
206
233
274
65
73
85
111
202
206
233
276
65
73
85
111
202
206
233
273
32
112
149
149
183
275
349
374
32
112
149
149
183
275
349
374
24
67
153
161
253
276
294
328
24
67
153
161
253
276
294
328
22
67
84
141
157
255
268
301
22
67
84
141
157
255
268
302
22
67
84
141
157
255
268
301
79
165
235
283
331
347
432
453
79
165
235
283
331
347
432
453
99
159
223
322
330
423
437
526
99
159
223
322
330
423
437
526
67
140
211
233
248
257
261
262
67
140
211
233
248
257
261
263
67
140
211
233
248
257
261
262
37
78
91
94
115
190
255
297
37
78
91
94
115
190
255
297
21
93
134
199
277
336
363
399
21
93
134
199
277
336
363
399
47
144
166
182
212
233
289
339
47
144
166
182
212
233
289
339
23
69
129
154
243
293
353
436
23
69
129
154
243
293
353
437
23
69
129
154
243
293
353
436
78
99
104
189
239
312
394
424
78
99
104
189
239
312
394
424
77
153
244
263
271
369
449
486
77
153
244
263
271
369
449
487
77
153
244
263
271
369
449
489
77
153
244
263
271
369
449
492
77
153
244
263
271
369
449
496
77
153
244
263
271
369
449
486
16
108
125
204
280
307
322
410
16
108
125
204
280
307
322
410
45
110
178
226
309
396
448
493
45
110
178
226
309
396
448
494
45
110
178
226
309
396
448
493
25
98
125
146
180
274
293
350
25
98
125
146
180
274
293
351
25
98
125
146
180
274
293
353
25
98
125
146
180
274
293
356
25
98
125
146
180
274
293
350
41
63
79
99
121
218
261
317
41
63
79
99
121
218
261
318
41
63
79
99
121
218
261
320
41
63
79
99
121
218
261
323
41
63
79
99
121
218
261
317
14
17
29
106
204
214
290
291
14
17
29
106
204
214
290
292
14
17
29
106
204
214
290
294
14
17
29
106
204
214
290
297
14
17
29
106
204
214
290
301
14
17
29
106
204
214
290
306
14
17
29
106
204
214
290
312
14
17
29
106
204
214
290
319
14
17
29
106
204
214
290
291
72
123
220
233
245
251
338
387
72
123
220
233
245
251
338
388
72
123
220
233
245
251
338
387
24
69
160
188
284
290
330
424
24
69
160
188
284
290
330
425
24
69
160
188
284
290
330
424
54
120
159
254
275
305
404
417
54
120
159
254
275
305
404
418
54
120
159
254
275
305
404
417
45
130
203
241
336
389
475
478
45
130
203
241
336
389
475
478
36
54
124
175
185
215
219
273
36
54
124
175
185
215
219
274
36
54
124
175
185
215
219
276
36
54
124
175
185
215
219
279
36
54
124
175
185
215
219
273
24
123
217
315
331
370
403
449
24
123
217
315
331
370
403
449
15
76
148
177
205
217
264
350
15
76
148
177
205
217
264
351
15
76
148
177
205
217
264
353
15
76
148
177
205
217
264
356
15
76
148
177
205
217
264
360
15
76
148
177
205
217
264
350
37
109
146
171
208
276
289
353
37
109
146
171
208
276
289
354
37
109
146
171
208
276
289
356
37
109
146
171
208
276
289
359
37
109
146
171
208
276
289
353
83
141
191
290
370
394
484
496
83
141
191
290
370
394
484
497
83
141
191
290
370
394
484
499
83
141
191
290
370
394
484
496
80
143
233
316
403
434
434
484
80
143
233
316
403
434
434
485
80
143
233
316
403
434
434
487
80
143
233
316
403
434
434
490
80
143
233
316
403
434
434
494
80
143
233
316
403
434
434
499
80
143
233
316
403
434
434
505
80
143
233
316
403
434
434
484
31
111
128
219
222
281
329
375
31
111
128
219
222
281
329
376
31
111
128
219
222
281
329
378
31
111
128
219
222
281
329
375
92
182
212
245
324
373
464
558
92
182
212
245
324
373
464
558
20
85
180
241
255
292
319
352
20
85
180
241
255
292
319
353
20
85
180
241
255
292
319
355
20
85
180
241
255
292
319
358
20
85
180
241
255
292
319
352
92
136
185
278
361
390
444
483
92
136
185
278
361
390
444
484
92
136
185
278
361
390
444
486
92
136
185
278
361
390
444
489
92
136
185
278
361
390
444
493
92
136
185
278
361
390
444
498
92
136
185
278
361
390
444
504
92
136
185
278
361
390
444
511
92
136
185
278
361
390
444
483
49
104
177
267
339
411
501
551
49
104
177
267
339
411
501
551
41
120
156
177
202
241
259
346
41
120
156
177
202
241
259
347
41
120
156
177
202
241
259
349
41
120
156
177
202
241
259
352
41
120
156
177
202
241
259
356
41
120
156
177
202
241
260
262
41
120
156
177
202
241
260
268
41
120
156
177
202
241
260
275
41
120
156
177
202
241
260
283
41
120
156
177
202
241
260
292
41
120
156
177
202
241
260
302
41
120
156
177
202
241
260
313
41
120
156
177
202
241
260
325
41
120
156
177
202
241
260
338
41
120
156
177
202
241
259
346
65
92
183
279
315
399
465
537
65
92
183
279
315
399
465
537
74
84
90
134
171
205
277
294
74
84
90
134
171
205
277
295
74
84
90
134
171
205
277
294
95
163
258
310
325
424
440
461
95
163
258
310
325
424
440
462
95
163
258
310
325
424
440
464
95
163
258
310
325
424
440
467
95
163
258
310
325
424
440
461
75
107
126
202
284
290
333
369
75
107
126
202
284
290
333
370
75
107
126
202
284
290
333
372
75
107
126
202
284
290
333
375
75
107
126
202
284
290
333
379
75
107
126
202
284
290
333
384
75
107
126
202
284
290
333
390
75
107
126
202
284
290
333
397
75
107
126
202
284
290
333
405
75
107
126
202
284
290
333
414
75
107
126
202
284
290
333
369
90
138
189
218
291
371
463
494
90
138
189
218
291
371
463
495
90
138
189
218
291
371
463
494
87
128
191
276
326
338
402
487
87
128
191
276
326
338
402
488
87
128
191
276
326
338
402
487
62
114
183
196
227
279
348
392
62
114
183
196
227
279
348
393
62
114
183
196
227
279
348
395
62
114
183
196
227
279
348
398
62
114
183
196
227
279
348
402
62
114
183
196
227
279
348
407
62
114
183
196
227
279
348
413
62
114
183
196
227
279
348
392
60
134
171
261
263
289
379
414
60
134
171
261
263
289
379
415
60
134
171
261
263
289
379
417
60
134
171
261
263
289
379
420
60
134
171
261
263
289
379
424
60
134
171
261
263
289
379
429
60
134
171
261
263
289
379
435
60
134
171
261
263
289
379
414
58
129
199
259
300
330
359
419
58
129
199
259
300
330
359
419
93
147
183
226
245
255
349
405
93
147
183
226
245
255
349
406
93
147
183
226
245
255
349
405
25
116
193
234
253
266
353
402
25
116
193
234
253
266
353
403
25
116
193
234
253
266
353
402
31
69
148
186
270
270
356
438
31
69
148
186
270
270
356
438
38
88
147
173
258
286
322
400
38
88
147
173
258
286
322
401
38
88
147
173
258
286
322
403
38
88
147
173
258
286
322
406
38
88
147
173
258
286
322
410
38
88
147
173
258
286
322
415
38
88
147
173
258
286
322
421
38
88
147
173
258
286
323
329
38
88
147
173
258
286
323
337
38
88
147
173
258
286
322
400
72
138
167
237
274
297
348
426
72
138
167
237
274
297
348
427
72
138
167
237
274
297
348
426
94
110
153
207
294
327
377
391
94
110
153
207
294
327
377
392
94
110
153
207
294
327
377
394
94
110
153
207
294
327
377
397
94
110
153
207
294
327
377
401
94
110
153
207
294
327
377
406
94
110
153
207
294
327
377
412
94
110
153
207
294
327
377
391
57
64
153
246
340
404
459
515
57
64
153
246
340
404
459
516
57
64
153
246
340
404
459
518
57
64
153
246
340
404
459
521
57
64
153
246
340
404
459
525
57
64
153
246
340
404
459
530
57
64
153
246
340
404
459
536
57
64
153
246
340
404
459
543
57
64
153
246
340
404
459
551
57
64
153
246
340
404
460
461
57
64
153
246
340
404
460
471
57
64
153
246
340
404
459
515
16
42
141
170
235
288
374
447
16
42
141
170
235
288
374
448
16
42
141
170
235
288
374
450
16
42
141
170
235
288
374
453
16
42
141
170
235
288
374
457
16
42
141
170
235
288
374
462
16
42
141
170
235
288
374
468
16
42
141
170
235
288
375
376
16
42
141
170
235
288
375
384
16
42
141
170
235
288
375
393
16
42
141
170
235
288
375
403
16
42
141
170
235
288
375
414
16
42
141
170
235
288
375
426
16
42
141
170
235
288
375
439
16
42
141
170
235
288
374
447
60
86
179
187
263
315
355
361
60
86
179
187
263
315
355
362
60
86
179
187
263
315
355
364
60
86
179
187
263
315
355
367
60
86
179
187
263
315
355
371
60
86
179
187
263
315
355
376
60
86
179
187
263
315
355
382
60
86
179
187
263
315
355
389
60
86
179
187
263
315
355
397
60
86
179
187
263
315
355
406
60
86
179
187
263
315
355
416
60
86
179
187
263
315
355
427
60
86
179
187
263
315
355
439
60
86
179
187
263
315
355
452
60
86
179
187
263
315
356
367
60
86
179
187
263
315
356
382
60
86
179
187
263
315
356
398
60
86
179
187
263
315
356
415
60
86
179
187
263
315
356
433
60
86
179
187
263
315
356
452
60
86
179
187
263
315
357
373
60
86
179
187
263
315
357
394
60
86
179
187
263
315
357
416
60
86
179
187
263
315
357
439
60
86
179
187
263
315
358
364
60
86
179
187
263
315
358
389
60
86
179
187
263
315
358
415
60
86
179
187
263
315
358
442
60
86
179
187
263
315
359
371
60
86
179
187
263
315
359
400
60
86
179
187
263
315
359
430
60
86
179
187
263
315
355
361
85
134
180
263
286
348
372
442
85
134
180
263
286
348
372
443
85
134
180
263
286
348
372
445
85
134
180
263
286
348
372
448
85
134
180
263
286
348
372
452
85
134
180
263
286
348
372
457
85
134
180
263
286
348
372
463
85
134
180
263
286
348
372
470
85
134
180
263
286
348
373
379
85
134
180
263
286
348
373
388
85
134
180
263
286
348
373
398
85
134
180
263
286
348
373
409
85
134
180
263
286
348
373
421
85
134
180
263
286
348
373
434
85
134
180
263
286
348
373
448
85
134
180
263
286
348
373
463
85
134
180
263
286
348
374
380
85
134
180
263
286
348
374
397
85
134
180
263
286
348
374
415
85
134
180
263
286
348
374
434
85
134
180
263
286
348
374
454
85
134
180
263
286
348
375
376
85
134
180
263
286
348
375
398
85
134
180
263
286
348
375
421
85
134
180
263
286
348
375
445
85
134
180
263
286
348
375
470
85
134
180
263
286
348
376
397
85
134
180
263
286
348
376
424
85
134
180
263
286
348
376
452
85
134
180
263
286
348
377
382
85
134
180
263
286
348
377
412
85
134
180
263
286
348
377
443
85
134
180
263
286
348
377
475
85
134
180
263
286
348
378
409
85
134
180
263
286
348
378
443
85
134
180
263
286
348
379
379
85
134
180
263
286
348
379
415
85
134
180
263
286
348
379
452
85
134
180
263
286
348
380
391
85
134
180
263
286
348
380
430
85
134
180
263
286
348
380
470
85
134
180
263
286
348
381
412
85
134
180
263
286
348
381
454
85
134
180
263
286
348
382
398
85
134
180
263
286
348
382
442
85
134
180
263
286
348
383
388
85
134
180
263
286
348
383
434
85
134
180
263
286
348
383
481
85
134
180
263
286
348
384
430
85
134
180
263
286
348
384
479
85
134
180
263
286
348
385
430
85
134
180
263
286
348
385
481
85
134
180
263
286
348
386
434
85
134
180
263
286
348
387
388
85
134
180
263
286
348
387
442
85
134
180
263
286
348
388
398
85
134
180
263
286
348
388
454
85
134
180
263
286
348
389
412
85
134
180
263
286
348
389
470
85
134
180
263
286
348
390
430
85
134
180
263
286
348
391
391
85
134
180
263
286
348
391
452
85
134
180
263
286
348
392
415
85
134
180
263
286
348
392
478
85
134
180
263
286
348
393
443
85
134
180
263
286
348
394
409
85
134
180
263
286
348
394
475
85
134
180
263
286
348
395
443
85
134
180
263
286
348
396
412
85
134
180
263
286
348
396
481
85
134
180
263
286
348
397
452
85
134
180
263
286
348
398
424
85
134
180
263
286
348
398
496
85
134
180
263
286
348
399
470
85
134
180
263
286
348
400
445
85
134
180
263
286
348
401
421
85
134
180
263
286
348
401
497
85
134
180
263
286
348
402
475
85
134
180
263
286
348
403
454
85
134
180
263
286
348
404
434
85
134
180
263
286
348
405
415
85
134
180
263
286
348
405
496
85
134
180
263
286
348
406
479
85
134
180
263
286
348
407
463
85
134
180
263
286
348
408
448
85
134
180
263
286
348
409
434
85
134
180
263
286
348
410
421
85
134
180
263
286
348
410
508
85
134
180
263
286
348
411
497
85
134
180
263
286
348
412
487
85
134
180
263
286
348
413
478
85
134
180
263
286
348
414
470
85
134
180
263
286
348
415
463
85
134
180
263
286
348
416
457
85
134
180
263
286
348
417
452
85
134
180
263
286
348
418
448
85
134
180
263
286
348
419
445
85
134
180
263
286
348
420
443
85
134
180
263
286
348
421
442
85
134
180
263
286
348
422
442
85
134
180
263
286
348
423
443
85
134
180
263
286
348
424
445
85
134
180
263
286
348
425
448
85
134
180
263
286
348
426
452
85
134
180
263
286
348
427
457
85
134
180
263
286
348
428
463
85
134
180
263
286
348
429
470
85
134
180
263
286
348
430
478
85
134
180
263
286
348
431
487
85
134
180
263
286
348
432
497
85
134
180
263
286
348
433
508
85
134
180
263
286
348
434
520
85
134
180
263
286
348
435
533
85
134
180
263
286
348
437
448
85
134
180
263
286
348
438
463
85
134
180
263
286
348
439
479
85
134
180
263
286
348
440
496
85
134
180
263
286
348
441
514
85
134
180
263
286
348
442
533
85
134
180
263
286
348
444
454
85
134
180
263
286
348
445
475
85
134
180
263
286
348
446
497
85
134
180
263
286
348
447
520
85
134
180
263
286
349
349
445
85
134
180
263
286
349
351
371
85
134
180
263
286
349
352
397
85
134
180
263
286
349
353
424
85
134
180
263
286
349
354
452
85
134
180
263
286
349
356
382
85
134
180
263
286
349
357
412
85
134
180
263
286
349
358
443
85
134
180
263
286
349
360
376
85
134
180
263
286
349
361
409
85
134
180
263
286
349
362
443
85
134
180
263
286
349
364
379
85
134
180
263
286
349
365
415
85
134
180
263
286
349
366
452
85
134
180
263
286
349
368
391
85
134
180
263
286
349
369
430
85
134
180
263
286
349
371
371
85
134
180
263
286
349
372
412
85
134
180
263
286
349
373
454
85
134
180
263
286
349
375
398
85
134
180
263
286
349
376
442
85
134
180
263
286
349
378
388
85
134
180
263
286
349
379
434
85
134
180
263
286
349
381
382
85
134
180
263
286
349
382
430
85
134
180
263
286
349
383
479
85
134
180
263
286
349
385
430
85
134
180
263
286
349
386
481
85
134
180
263
286
349
388
434
85
134
180
263
286
349
389
487
85
134
180
263
286
349
391
442
85
134
180
263
286
349
393
398
85
134
180
263
286
349
394
454
85
134
180
263
286
349
396
412
85
134
180
263
286
349
397
470
85
134
180
263
286
349
399
430
85
134
180
263
286
349
400
490
85
134
180
263
286
349
402
452
85
134
180
263
286
349
404
415
85
134
180
263
286
349
405
478
85
134
180
263
286
349
407
443
85
134
180
263
286
349
409
409
85
134
180
263
286
349
410
475
85
134
180
263
286
349
412
443
85
134
180
263
286
349
413
511
85
134
180
263
286
349
415
481
85
134
180
263
286
349
417
452
85
134
180
263
286
349
419
424
85
134
180
263
286
349
420
496
85
134
180
263
286
349
422
470
85
134
180
263
286
349
424
445
85
134
180
263
286
349
425
520
85
134
180
263
286
349
427
497
85
134
180
263
286
349
429
475
85
134
180
263
286
349
431
454
85
134
180
263
286
349
433
434
85
134
180
263
286
349
434
514
85
134
180
263
286
349
436
496
85
134
180
263
286
349
438
479
85
134
180
263
286
349
440
463
85
134
180
263
286
349
442
448
85
134
180
263
286
349
443
533
85
134
180
263
286
349
445
520
85
134
180
263
286
349
447
508
85
134
180
263
286
350
350
398
85
134
180
263
286
350
352
388
85
134
180
263
286
350
354
379
85
134
180
263
286
350
356
371
85
134
180
263
286
350
358
364
85
134
180
263
286
350
359
457
85
134
180
263
286
350
361
452
85
134
180
263
286
350
363
448
85
134
180
263
286
350
365
445
85
134
180
263
286
350
367
443
85
134
180
263
286
350
369
442
85
134
180
263
286
350
371
442
85
134
180
263
286
350
373
443
85
134
180
263
286
350
375
445
85
134
180
263
286
350
377
448
85
134
180
263
286
350
379
452
85
134
180
263
286
350
381
457
85
134
180
263
286
350
383
463
85
134
180
263
286
350
385
470
85
134
180
263
286
350
387
478
85
134
180
263
286
350
389
487
85
134
180
263
286
350
392
398
85
134
180
263
286
350
394
409
85
134
180
263
286
350
396
421
85
134
180
263
286
350
398
434
85
134
180
263
286
350
400
448
85
134
180
263
286
350
402
463
85
134
180
263
286
350
404
479
85
134
180
263
286
350
406
496
85
134
180
263
286
350
409
415
85
134
180
263
286
350
411
434
85
134
180
263
286
350
413
454
85
134
180
263
286
350
415
475
85
134
180
263
286
350
417
497
85
134
180
263
286
350
420
421
85
134
180
263
286
350
422
445
85
134
180
263
286
350
424
470
85
134
180
263
286
350
426
496
85
134
180
263
286
350
428
523
85
134
180
263
286
350
431
452
85
134
180
263
286
350
433
481
85
134
180
263
286
350
435
511
85
134
180
263
286
350
438
443
85
134
180
263
286
350
440
475
85
134
180
263
286
350
442
508
85
134
180
263
286
350
444
542
85
134
180
263
286
350
447
478
85
134
180
263
286
350
449
514
85
134
180
263
286
351
353
353
85
134
180
263
286
351
355
391
85
134
180
263
286
351
357
430
85
134
180
263
286
351
360
371
85
134
180
263
286
351
362
412
85
134
180
263
286
351
364
454
85
134
180
263
286
351
367
398
85
134
180
263
286
351
369
442
85
134
180
263
286
351
372
388
85
134
180
263
286
351
374
434
85
134
180
263
286
351
377
382
85
134
180
263
286
351
379
430
85
134
180
263
286
351
381
479
85
134
180
263
286
351
384
430
85
134
180
263
286
351
386
481
85
134
180
263
286
351
389
434
85
134
180
263
286
351
391
487
85
134
180
263
286
351
394
442
85
134
180
263
286
351
397
398
85
134
180
263
286
351
399
454
85
134
180
263
286
351
402
412
85
134
180
263
286
351
404
470
85
134
180
263
286
351
407
430
85
134
180
263
286
351
409
490
85
134
180
263
286
351
412
452
85
134
180
263
286
351
415
415
85
134
180
263
286
351
417
478
85
134
180
263
286
351
420
443
85
134
180
263
286
351
422
508
85
134
180
263
286
351
425
475
85
134
180
263
286
351
428
443
85
134
180
263
286
351
430
511
85
134
180
263
286
351
433
481
85
134
180
263
286
351
436
452
85
134
180
263
286
351
438
523
85
134
180
263
286
351
441
496
85
134
180
263
286
351
444
470
85
134
180
263
286
351
446
544
85
134
180
263
286
351
449
520
85
134
180
263
286
352
353
398
85
134
180
263
286
352
356
376
85
134
180
263
286
352
358
454
85
134
180
263
286
352
361
434
85
134
180
263
286
352
364
415
85
134
180
263
286
352
367
397
85
134
180
263
286
352
370
380
85
134
180
263
286
352
372
463
85
134
180
263
286
352
375
448
85
134
180
263
286
352
378
434
85
134
180
263
286
352
381
421
85
134
180
263
286
352
384
409
85
134
180
263
286
352
387
398
85
134
180
263
286
352
389
487
85
134
180
263
286
352
392
478
85
134
180
263
286
352
395
470
85
134
180
263
286
352
398
463
85
134
180
263
286
352
401
457
85
134
180
263
286
352
404
452
85
134
180
263
286
352
407
448
85
134
180
263
286
352
410
445
85
134
180
263
286
352
413
443
85
134
180
263
286
352
416
442
85
134
180
263
286
352
419
442
85
134
180
263
286
352
422
443
85
134
180
263
286
352
425
445
85
134
180
263
286
352
428
448
85
134
180
263
286
352
431
452
85
134
180
263
286
352
434
457
85
134
180
263
286
352
437
463
85
134
180
263
286
352
440
470
85
134
180
263
286
352
443
478
85
134
180
263
286
352
446
487
85
134
180
263
286
352
449
497
85
134
180
263
286
353
353
409
85
134
180
263
286
353
356
421
85
134
180
263
286
353
359
434
85
134
180
263
286
353
362
448
85
134
180
263
286
353
365
463
85
134
180
263
286
353
369
380
85
134
180
263
286
353
372
397
85
134
180
263
286
353
375
415
85
134
180
263
286
353
378
434
85
134
180
263
286
353
381
454
85
134
180
263
286
353
384
475
85
134
180
263
286
353
388
398
85
134
180
263
286
353
391
421
85
134
180
263
286
353
394
445
85
134
180
263
286
353
397
470
85
134
180
263
286
353
400
496
85
134
180
263
286
353
404
424
85
134
180
263
286
353
407
452
85
134
180
263
286
353
410
481
85
134
180
263
286
353
413
511
85
134
180
263
286
353
417
443
85
134
180
263
286
353
420
475
85
134
180
263
286
353
423
508
85
134
180
263
286
353
427
443
85
134
180
263
286
353
430
478
85
134
180
263
286
353
433
514
85
134
180
263
286
353
437
452
85
134
180
263
286
353
440
490
85
134
180
263
286
353
443
529
85
134
180
263
286
353
447
470
85
134
180
263
286
353
450
511
85
134
180
263
286
354
355
355
85
134
180
263
286
354
358
398
85
134
180
263
286
354
361
442
85
134
180
263
286
354
365
388
85
134
180
263
286
354
368
434
85
134
180
263
286
354
372
382
85
134
180
263
286
354
375
430
85
134
180
263
286
354
379
380
85
134
180
263
286
354
382
430
85
134
180
263
286
354
385
481
85
134
180
263
286
354
389
434
85
134
180
263
286
354
392
487
85
134
180
263
286
354
396
442
85
134
180
263
286
354
399
497
85
134
180
263
286
354
403
454
85
134
180
263
286
354
407
412
85
134
180
263
286
354
410
470
85
134
180
263
286
354
414
430
85
134
180
263
286
354
417
490
85
134
180
263
286
354
421
452
85
134
180
263
286
354
424
514
85
134
180
263
286
354
428
478
85
134
180
263
286
354
432
443
85
134
180
263
286
354
435
508
85
134
180
263
286
354
439
475
85
134
180
263
286
354
443
443
85
134
180
263
286
354
446
511
85
134
180
263
286
354
450
481
85
134
180
263
286
354
453
551
85
134
180
263
286
355
358
424
85
134
180
263
286
355
362
397
85
134
180
263
286
355
366
371
85
134
180
263
286
355
369
445
85
134
180
263
286
355
373
421
85
134
180
263
286
355
377
398
85
134
180
263
286
355
380
475
85
134
180
263
286
355
384
454
85
134
180
263
286
355
388
434
85
134
180
263
286
355
392
415
85
134
180
263
286
355
396
397
85
134
180
263
286
355
399
479
85
134
180
263
286
355
403
463
85
134
180
263
286
355
407
448
85
134
180
263
286
355
411
434
85
134
180
263
286
355
415
421
85
134
180
263
286
355
418
508
85
134
180
263
286
355
422
497
85
134
180
263
286
355
426
487
85
134
180
263
286
355
430
478
85
134
180
263
286
355
434
470
85
134
180
263
286
355
438
463
85
134
180
263
286
355
442
457
85
134
180
263
286
355
446
452
85
134
180
263
286
355
449
547
85
134
180
263
286
348
372
442

Printing the Dictionary with 100 elements: 
HashTable[0] = 9416435487335014
HashTable[1] = 6252691331526944
HashTable[2] = 7532197682064336
HashTable[3] = 5843713809799324
HashTable[4] = 2897361293194784
HashTable[5] = 6363344397258902
HashTable[6] = 5466399521309913
HashTable[7] = 5871706041302960
HashTable[8] = 6526587960410487
HashTable[9] = 5646258628472406
HashTable[10] = 1403127798107601
HashTable[11] = 9960649908931489
HashTable[12] = 7821058550738230
HashTable[13] = 2445912896064094
HashTable[14] = 4122162022974356
HashTable[15] = 7266297037235178
HashTable[16] = 9154925749945935
HashTable[17] = 1962120731190567
HashTable[18] = 6026930876524006
HashTable[19] = 2443860892231834
HashTable[20] = 7406474858260664
HashTable[21] = 4520290994510378
HashTable[22] = 6527919636846672
HashTable[23] = 6074379002269035
HashTable[24] = 3837937874190988
HashTable[25] = 2346602589506083
HashTable[26] = 3138793884008682
HashTable[27] = 1626992965538673
HashTable[28] = 3850592685283678
HashTable[29] = 4179362125391887
HashTable[30] = 4797221630215650
HashTable[31] = 2544993605029435
HashTable[32] = 8549468323622470
HashTable[33] = 5036106320615547
HashTable[35] = 7596217857418597
HashTable[36] = 4955739072729050
HashTable[37] = 2499949816393346
HashTable[38] = 2893680210511085
HashTable[39] = 7689068790333732
HashTable[40] = 1626187920237592
HashTable[41] = 7986704848168521
HashTable[42] = 6649504871727226
HashTable[43] = 9290303379499194
HashTable[44] = 5388318964333860
HashTable[45] = 9862479392830178
HashTable[46] = 6756987282996027
HashTable[47] = 2573272134941957
HashTable[49] = 2065956114372733
HashTable[50] = 3772372537681364
HashTable[51] = 1561722928124786
HashTable[52] = 7048042961042220
HashTable[53] = 6569374525474430
HashTable[55] = 9568955215991621
HashTable[56] = 3908850963856115
HashTable[57] = 6773712215090401
HashTable[58] = 1170408516621964
HashTable[59] = 5707899394645556
HashTable[60] = 2990813110340391
HashTable[61] = 4059469224775481
HashTable[62] = 3675356291270936
HashTable[63] = 9776736563948129
HashTable[64] = 5529028380409196
HashTable[65] = 3280370034927425
HashTable[66] = 4585733895538603
HashTable[67] = 8081022975646379
HashTable[68] = 6132159914910758
HashTable[69] = 3180179103594846
HashTable[70] = 6508122691042740
HashTable[71] = 3508041135934150
HashTable[72] = 9848103044447631
HashTable[73] = 3618705110300454
HashTable[74] = 1743146942264128
HashTable[75] = 1554983852227034
HashTable[76] = 8741638550126485
HashTable[77] = 8928886838333804
HashTable[78] = 7868843149206892
HashTable[79] = 7251971312068749
HashTable[80] = 4888977643030925
HashTable[81] = 4765713338510876
HashTable[82] = 4565684883875245
HashTable[83] = 9048512973809231
HashTable[84] = 7776911908988037
HashTable[85] = 1061594909177115
HashTable[86] = 7081997825349020
HashTable[87] = 8358509980249012
HashTable[88] = 3712202175174171
HashTable[89] = 7410064437347217
HashTable[90] = 2172416578592736
HashTable[91] = 3741130321756542
HashTable[92] = 8604676097597853
HashTable[93] = 8063908387310050
HashTable[94] = 2591774119138749
HashTable[95] = 9693380566400462
HashTable[96] = 2245175716981333
HashTable[97] = 9354364319109456
HashTable[98] = 6289607010137726
HashTable[99] = 9244499383295439
HashTable[100] = 8356599076376150
HashTable[101] = 1692177976271588
HashTable[102] = 7491706085394154

Histogram showing distribution of hash indices over the hash table: 
At hashTable[0]: *
At hashTable[1]: 
At hashTable[2]: *
At hashTable[3]: *
At hashTable[4]: **
At hashTable[5]: *
At hashTable[6]: 
At hashTable[7]: *
At hashTable[8]: **
At hashTable[9]: *
At hashTable[10]: 
At hashTable[11]: *
At hashTable[12]: **
At hashTable[13]: 
At hashTable[14]: *
At hashTable[15]: 
At hashTable[16]: **
At hashTable[17]: 
At hashTable[18]: 
At hashTable[19]: *
At hashTable[20]: **
At hashTable[21]: 
At hashTable[22]: *
At hashTable[23]: 
At hashTable[24]: **
At hashTable[25]: 
At hashTable[26]: *
At hashTable[27]: 
At hashTable[28]: 
At hashTable[29]: 
At hashTable[30]: **
At hashTable[31]: *
At hashTable[32]: 
At hashTable[33]: *
At hashTable[34]: 
At hashTable[35]: **
At hashTable[36]: *
At hashTable[37]: **
At hashTable[38]: **
At hashTable[39]: *
At hashTable[40]: *
At hashTable[41]: ***
At hashTable[42]: *
At hashTable[43]: **
At hashTable[44]: **
At hashTable[45]: 
At hashTable[46]: *
At hashTable[47]: 
At hashTable[48]: 
At hashTable[49]: *
At hashTable[50]: 
At hashTable[51]: 
At hashTable[52]: **
At hashTable[53]: *
At hashTable[54]: 
At hashTable[55]: 
At hashTable[56]: **
At hashTable[57]: 
At hashTable[58]: *
At hashTable[59]: 
At hashTable[60]: **
At hashTable[61]: **
At hashTable[62]: *
At hashTable[63]: *
At hashTable[64]: *
At hashTable[65]: *
At hashTable[66]: **
At hashTable[67]: **
At hashTable[68]: *
At hashTable[69]: 
At hashTable[70]: 
At hashTable[71]: **
At hashTable[72]: **
At hashTable[73]: 
At hashTable[74]: ***
At hashTable[75]: *
At hashTable[76]: 
At hashTable[77]: *
At hashTable[78]: **
At hashTable[79]: 
At hashTable[80]: **
At hashTable[81]: *
At hashTable[82]: **
At hashTable[83]: *
At hashTable[84]: *
At hashTable[85]: ***
At hashTable[86]: 
At hashTable[87]: 
At hashTable[88]: **
At hashTable[89]: 
At hashTable[90]: *
At hashTable[91]: **
At hashTable[92]: *
At hashTable[93]: *
At hashTable[94]: 
At hashTable[95]: **
At hashTable[96]: *
At hashTable[97]: 
At hashTable[98]: *
At hashTable[99]: 
At hashTable[100]: *
At hashTable[101]: *
At hashTable[102]: *

There are 35 empty cells in this Dictionary (hash table) -> 	33.98% of the hash table is empty.
There are 39 elements inserted that have no synonyms -> 	37.86% of the hash table has been probed only once (no collisions).
There were 26 indexing keys that hashed into cells 2 times -> 	25.24% of the hash table has been probed 2 times (1 collisions).
There were 3 indexing keys that hashed into cells 3 times -> 	2.913% of the hash table has been probed 3 times (2 collisions).
